1 184 0 0
1 29 0 0
1 31 0 0
1 12 0 0
1 51 0 0
1 102 0 0
1 13 0 0
1 14 0 0
1 15 0 0
1 57 0 0
1 378 0 0
1 859 0 0
1 185 0 0
1 30 0 0
1 37 0 0
1 52 0 0
1 142 0 0
1 195 0 0
1 875 0 0
1 56 0 0
1 66 0 0
1 95 0 0
1 462 0 0
1 497 0 0
1 858 0 0
1 876 0 0
1 879 0 0
1 880 0 0
1 486 0 0
2 12 0 0
2 15 0 0
2 184 0 0
2 858 0 0
2 51 0 0
2 102 0 0
2 202 0 0
2 14 0 0
2 52 0 0
2 380 0 0
2 746 0 0
2 859 0 0
2 948 0 0
2 285 0 0
2 390 0 0
2 391 0 0
2 442 0 0
2 497 0 0
2 643 0 0
2 856 0 0
2 857 0 0
2 877 0 0
2 864 0 0
2 658 0 0
2 486 0 0
4 5 0 0
4 6 0 0
4 90 0 0
4 91 0 0
4 119 0 0
4 144 0 0
4 181 0 0
4 399 0 0
4 485 0 0
8 236 0 0
8 166 0 0
8 488 0 0
9 552 0 0
9 401 0 0
9 1297 0 0
9 1296 0 0
9 488 0 0
10 99 0 0
10 115 0 0
10 257 0 0
10 258 0 0
10 491 0 0
12 20 0 0
12 56 0 0
12 57 0 0
12 58 0 0
12 19 0 0
12 492 0 0
13 48 0 0
13 122 0 0
13 20 0 0
13 58 0 0
13 196 0 0
13 354 0 0
13 360 0 0
13 197 0 0
13 999 0 0
13 1112 0 0
13 1005 0 0
13 492 0 0
15 21 0 0
15 22 0 0
15 550 0 0
15 534 0 0
18 259 0 0
18 405 0 0
18 302 0 0
18 436 0 0
18 437 0 0
18 438 0 0
18 998 0 0
18 1011 0 0
18 493 0 0
22 27 0 0
22 28 0 0
22 262 0 0
22 160 0 0
22 20 0 0
22 263 0 0
22 654 0 0
22 495 0 0
23 86 0 0
23 194 0 0
23 650 0 0
23 649 0 0
23 652 0 0
23 624 0 0
26 64 0 0
26 265 0 0
26 65 0 0
26 311 0 0
26 496 0 0
27 64 0 0
27 65 0 0
27 496 0 0
29 463 0 0
29 462 0 0
29 497 0 0
31 266 0 0
31 106 0 0
31 196 0 0
31 498 0 0
32 106 0 0
32 196 0 0
32 498 0 0
33 196 0 0
33 197 0 0
33 198 0 0
33 498 0 0
34 32 0 0
34 67 0 0
34 164 0 0
34 639 0 0
34 715 0 0
34 716 0 0
34 719 0 0
34 1379 0 0
34 717 0 0
34 499 0 0
35 87 0 0
35 88 0 0
35 104 0 0
35 267 0 0
35 268 0 0
35 269 0 0
35 270 0 0
35 407 0 0
35 408 0 0
35 500 0 0
39 271 0 0
39 16 0 0
39 413 0 0
39 414 0 0
39 502 0 0
40 68 0 0
40 502 0 0
41 900 0 0
41 902 0 0
41 200 0 0
41 201 0 0
41 601 0 0
41 899 0 0
41 903 0 0
41 593 0 0
41 199 0 0
41 594 0 0
41 901 0 0
41 544 0 0
41 597 0 0
41 749 0 0
41 917 0 0
41 919 0 0
41 1333 0 0
41 634 0 0
41 687 0 0
41 698 0 0
41 1290 0 0
41 700 0 0
41 704 0 0
41 705 0 0
41 1109 0 0
41 1112 0 0
41 1141 0 0
41 1197 0 0
41 1256 0 0
41 1259 0 0
41 1272 0 0
41 1289 0 0
41 892 0 0
49 46 0 0
49 47 0 0
49 92 0 0
49 756 0 0
50 213 0 0
50 212 0 0
50 214 0 0
50 215 0 0
50 216 0 0
50 276 0 0
50 277 0 0
50 426 0 0
50 427 0 0
50 511 0 0
51 145 0 0
51 611 0 0
51 376 0 0
51 406 0 0
51 565 0 0
51 1076 0 0
51 511 0 0
52 224 0 0
52 278 0 0
52 428 0 0
52 512 0 0
53 224 0 0
53 279 0 0
53 512 0 0
54 250 0 0
54 514 0 0
54 609 0 0
54 225 0 0
54 793 0 0
54 464 0 0
54 465 0 0
54 612 0 0
54 466 0 0
54 513 0 0
55 225 0 0
55 464 0 0
55 514 0 0
55 466 0 0
55 609 0 0
55 612 0 0
55 793 0 0
55 513 0 0
56 776 0 0
56 751 0 0
57 465 0 0
57 249 0 0
57 777 0 0
57 778 0 0
57 247 0 0
57 250 0 0
57 752 0 0
58 252 0 0
58 431 0 0
58 141 0 0
58 516 0 0
59 252 0 0
59 431 0 0
59 672 0 0
59 714 0 0
59 799 0 0
59 800 0 0
59 516 0 0
61 166 0 0
61 167 0 0
61 132 0 0
61 517 0 0
62 169 0 0
62 168 0 0
62 518 0 0
66 173 0 0
66 188 0 0
66 172 0 0
66 97 0 0
66 121 0 0
66 187 0 0
66 242 0 0
66 409 0 0
66 487 0 0
66 519 0 0
67 24 0 0
67 283 0 0
67 552 0 0
67 272 0 0
67 557 0 0
67 558 0 0
67 553 0 0
67 554 0 0
67 555 0 0
67 556 0 0
67 536 0 0
68 272 0 0
68 555 0 0
68 24 0 0
68 283 0 0
68 552 0 0
68 79 0 0
68 207 0 0
68 418 0 0
68 557 0 0
68 554 0 0
68 556 0 0
68 505 0 0
68 1257 0 0
68 536 0 0
69 24 0 0
69 283 0 0
69 552 0 0
69 272 0 0
69 85 0 0
69 976 0 0
69 557 0 0
69 558 0 0
69 553 0 0
69 554 0 0
69 555 0 0
69 556 0 0
69 536 0 0
71 288 0 0
71 289 0 0
71 433 0 0
71 520 0 0
72 468 0 0
72 467 0 0
72 469 0 0
72 470 0 0
72 775 0 0
72 521 0 0
74 467 0 0
74 468 0 0
74 39 0 0
74 503 0 0
74 775 0 0
74 469 0 0
74 521 0 0
79 302 0 0
79 436 0 0
79 437 0 0
79 524 0 0
80 305 0 0
80 570 0 0
80 308 0 0
80 481 0 0
80 338 0 0
80 1226 0 0
80 1355 0 0
80 1185 0 0
80 629 0 0
80 663 0 0
80 798 0 0
80 572 0 0
80 525 0 0
81 305 0 0
81 338 0 0
81 344 0 0
81 481 0 0
81 84 0 0
81 123 0 0
81 1185 0 0
81 623 0 0
81 570 0 0
81 798 0 0
81 1226 0 0
81 629 0 0
81 663 0 0
81 572 0 0
81 1355 0 0
81 525 0 0
82 304 0 0
82 306 0 0
82 307 0 0
82 305 0 0
82 629 0 0
82 663 0 0
82 308 0 0
82 309 0 0
82 310 0 0
82 570 0 0
82 798 0 0
82 1185 0 0
82 1355 0 0
82 572 0 0
82 525 0 0
83 439 0 0
83 311 0 0
83 316 0 0
83 440 0 0
83 187 0 0
83 314 0 0
83 315 0 0
83 797 0 0
83 798 0 0
83 794 0 0
83 265 0 0
83 526 0 0
84 320 0 0
84 478 0 0
84 527 0 0
85 326 0 0
85 629 0 0
85 21 0 0
85 94 0 0
85 22 0 0
85 306 0 0
85 528 0 0
86 94 0 0
86 23 0 0
86 105 0 0
86 381 0 0
86 192 0 0
86 326 0 0
86 63 0 0
86 494 0 0
86 629 0 0
86 261 0 0
86 528 0 0
87 21 0 0
87 22 0 0
87 306 0 0
87 326 0 0
87 528 0 0
93 296 0 0
93 33 0 0
93 446 0 0
93 447 0 0
93 448 0 0
93 449 0 0
93 208 0 0
93 297 0 0
93 298 0 0
93 299 0 0
93 531 0 0
94 84 0 0
94 24 0 0
94 101 0 0
94 294 0 0
94 628 0 0
94 661 0 0
94 364 0 0
94 365 0 0
94 560 0 0
94 123 0 0
95 16 0 0
95 375 0 0
95 460 0 0
95 378 0 0
95 255 0 0
95 271 0 0
95 376 0 0
95 377 0 0
95 562 0 0
95 502 0 0
95 538 0 0
97 380 0 0
97 749 0 0
97 1339 0 0
97 14 0 0
97 705 0 0
97 779 0 0
97 780 0 0
97 379 0 0
97 643 0 0
97 686 0 0
97 753 0 0
98 380 0 0
98 593 0 0
98 746 0 0
98 914 0 0
98 14 0 0
98 379 0 0
98 705 0 0
98 779 0 0
98 780 0 0
98 704 0 0
98 12 0 0
98 15 0 0
98 857 0 0
98 859 0 0
98 753 0 0
99 788 0 0
99 785 0 0
99 786 0 0
99 787 0 0
99 23 0 0
99 381 0 0
99 382 0 0
99 784 0 0
99 789 0 0
99 754 0 0
100 788 0 0
100 785 0 0
100 786 0 0
100 787 0 0
100 754 0 0
101 475 0 0
101 476 0 0
101 527 0 0
101 320 0 0
101 478 0 0
101 322 0 0
102 565 0 0
102 566 0 0
102 564 0 0
102 1159 0 0
102 661 0 0
102 539 0 0
103 566 0 0
103 567 0 0
103 1084 0 0
103 1078 0 0
103 1081 0 0
103 539 0 0
104 567 0 0
104 564 0 0
104 566 0 0
104 539 0 0
105 390 0 0
105 391 0 0
105 627 0 0
106 2 0 0
106 3 0 0
106 128 0 0
106 180 0 0
106 323 0 0
106 324 0 0
106 418 0 0
106 664 0 0
106 629 0 0
106 393 0 0
106 394 0 0
106 659 0 0
106 4 0 0
106 384 0 0
106 1302 0 0
106 388 0 0
107 664 0 0
107 629 0 0
107 180 0 0
107 659 0 0
107 660 0 0
107 388 0 0
108 2 0 0
108 3 0 0
108 664 0 0
108 629 0 0
108 323 0 0
108 324 0 0
108 393 0 0
108 128 0 0
108 180 0 0
108 394 0 0
108 659 0 0
108 389 0 0
108 4 0 0
108 1302 0 0
108 388 0 0
109 662 0 0
109 101 0 0
109 460 0 0
109 661 0 0
109 62 0 0
109 628 0 0
110 458 0 0
110 570 0 0
110 977 0 0
110 62 0 0
110 336 0 0
110 540 0 0
111 333 0 0
111 568 0 0
111 570 0 0
111 62 0 0
111 101 0 0
111 283 0 0
111 565 0 0
111 24 0 0
111 977 0 0
111 307 0 0
111 540 0 0
112 569 0 0
112 571 0 0
112 1355 0 0
112 101 0 0
112 655 0 0
112 1213 0 0
112 798 0 0
112 572 0 0
112 540 0 0
113 21 0 0
113 324 0 0
113 630 0 0
113 94 0 0
113 664 0 0
113 304 0 0
113 128 0 0
113 323 0 0
113 663 0 0
113 570 0 0
113 494 0 0
113 305 0 0
113 309 0 0
113 571 0 0
113 655 0 0
113 388 0 0
113 62 0 0
113 629 0 0
114 332 0 0
114 572 0 0
114 578 0 0
114 573 0 0
114 574 0 0
114 421 0 0
114 25 0 0
114 317 0 0
114 577 0 0
114 401 0 0
114 625 0 0
114 160 0 0
114 1213 0 0
114 1304 0 0
114 1198 0 0
114 655 0 0
114 1355 0 0
114 68 0 0
114 571 0 0
114 1252 0 0
114 541 0 0
116 576 0 0
116 656 0 0
116 575 0 0
116 317 0 0
116 574 0 0
116 578 0 0
116 541 0 0
118 667 0 0
118 324 0 0
118 378 0 0
118 666 0 0
118 670 0 0
118 630 0 0
119 378 0 0
119 667 0 0
119 324 0 0
119 666 0 0
119 670 0 0
119 1391 0 0
119 329 0 0
119 630 0 0
120 668 0 0
120 666 0 0
120 667 0 0
120 670 0 0
120 329 0 0
120 1391 0 0
120 630 0 0
121 588 0 0
121 589 0 0
121 590 0 0
121 543 0 0
122 597 0 0
122 598 0 0
122 688 0 0
122 708 0 0
122 713 0 0
122 544 0 0
123 594 0 0
123 597 0 0
123 596 0 0
123 598 0 0
123 544 0 0
126 672 0 0
126 799 0 0
126 631 0 0
128 676 0 0
128 677 0 0
128 678 0 0
128 679 0 0
128 205 0 0
128 632 0 0
130 680 0 0
130 681 0 0
130 682 0 0
130 683 0 0
130 633 0 0
131 606 0 0
131 406 0 0
131 608 0 0
131 142 0 0
131 294 0 0
131 354 0 0
131 522 0 0
131 962 0 0
131 1192 0 0
131 1213 0 0
131 873 0 0
131 546 0 0
132 608 0 0
132 406 0 0
132 606 0 0
132 710 0 0
132 546 0 0
133 594 0 0
133 790 0 0
133 755 0 0
135 606 0 0
135 611 0 0
135 562 0 0
135 50 0 0
135 236 0 0
135 609 0 0
135 612 0 0
135 406 0 0
135 547 0 0
136 613 0 0
136 614 0 0
136 615 0 0
136 616 0 0
136 617 0 0
136 618 0 0
136 548 0 0
137 793 0 0
137 794 0 0
137 797 0 0
137 795 0 0
137 796 0 0
137 420 0 0
137 757 0 0
138 794 0 0
138 797 0 0
138 798 0 0
138 793 0 0
138 796 0 0
138 291 0 0
138 800 0 0
138 1187 0 0
138 256 0 0
138 311 0 0
138 335 0 0
138 1315 0 0
138 1364 0 0
138 1367 0 0
138 757 0 0
139 252 0 0
139 801 0 0
139 797 0 0
139 799 0 0
139 800 0 0
139 793 0 0
139 794 0 0
139 1154 0 0
139 672 0 0
139 757 0 0
140 802 0 0
140 803 0 0
140 808 0 0
140 809 0 0
140 811 0 0
140 804 0 0
140 805 0 0
140 806 0 0
140 253 0 0
140 1247 0 0
140 807 0 0
140 810 0 0
140 1243 0 0
140 758 0 0
141 691 0 0
141 635 0 0
142 24 0 0
142 283 0 0
142 294 0 0
142 559 0 0
142 689 0 0
142 690 0 0
142 101 0 0
142 1393 0 0
142 354 0 0
142 1104 0 0
142 1161 0 0
142 1395 0 0
142 635 0 0
143 283 0 0
143 662 0 0
143 635 0 0
145 703 0 0
145 704 0 0
145 705 0 0
145 698 0 0
145 699 0 0
145 700 0 0
145 1289 0 0
145 779 0 0
145 701 0 0
145 702 0 0
145 706 0 0
145 792 0 0
145 1339 0 0
145 637 0 0
146 699 0 0
146 700 0 0
146 701 0 0
146 698 0 0
146 1289 0 0
146 702 0 0
146 703 0 0
146 779 0 0
146 1339 0 0
146 681 0 0
146 637 0 0
147 713 0 0
147 708 0 0
147 709 0 0
147 711 0 0
147 712 0 0
147 638 0 0
148 717 0 0
148 719 0 0
148 1001 0 0
148 1379 0 0
148 639 0 0
149 821 0 0
149 822 0 0
149 824 0 0
149 820 0 0
149 823 0 0
149 825 0 0
149 1122 0 0
149 1051 0 0
149 1121 0 0
149 760 0 0
150 817 0 0
150 818 0 0
150 819 0 0
150 820 0 0
150 825 0 0
150 824 0 0
150 760 0 0
152 728 0 0
152 913 0 0
152 910 0 0
152 911 0 0
152 729 0 0
153 826 0 0
153 828 0 0
153 761 0 0
154 833 0 0
154 834 0 0
154 835 0 0
154 836 0 0
154 837 0 0
154 762 0 0
155 848 0 0
155 844 0 0
155 845 0 0
155 846 0 0
155 847 0 0
155 764 0 0
156 847 0 0
156 846 0 0
156 849 0 0
156 844 0 0
156 845 0 0
156 764 0 0
157 725 0 0
157 728 0 0
157 729 0 0
157 911 0 0
157 720 0 0
157 75 0 0
157 909 0 0
157 640 0 0
158 724 0 0
158 726 0 0
158 727 0 0
158 75 0 0
158 909 0 0
158 720 0 0
158 723 0 0
158 640 0 0
160 860 0 0
160 861 0 0
160 606 0 0
160 980 0 0
160 12 0 0
160 766 0 0
161 862 0 0
161 863 0 0
161 31 0 0
161 1174 0 0
161 766 0 0
163 15 0 0
163 391 0 0
163 864 0 0
163 914 0 0
163 392 0 0
163 627 0 0
163 658 0 0
163 894 0 0
164 731 0 0
164 730 0 0
164 641 0 0
165 746 0 0
165 748 0 0
165 749 0 0
165 265 0 0
165 643 0 0
167 919 0 0
167 916 0 0
167 920 0 0
167 921 0 0
167 895 0 0
168 51 0 0
168 185 0 0
168 878 0 0
168 874 0 0
168 184 0 0
169 922 0 0
169 360 0 0
169 605 0 0
169 927 0 0
169 492 0 0
169 896 0 0
170 360 0 0
170 605 0 0
170 896 0 0
171 923 0 0
171 924 0 0
171 925 0 0
171 896 0 0
173 926 0 0
173 897 0 0
175 829 0 0
175 887 0 0
175 890 0 0
175 885 0 0
175 886 0 0
175 888 0 0
175 889 0 0
175 1146 0 0
175 891 0 0
175 769 0 0
176 885 0 0
176 886 0 0
176 1146 0 0
176 887 0 0
176 888 0 0
176 890 0 0
176 891 0 0
176 769 0 0
177 931 0 0
177 932 0 0
177 934 0 0
177 935 0 0
177 936 0 0
177 937 0 0
177 938 0 0
177 957 0 0
177 1131 0 0
177 898 0 0
181 966 0 0
181 967 0 0
181 941 0 0
182 967 0 0
182 968 0 0
182 964 0 0
182 965 0 0
182 941 0 0
183 969 0 0
183 970 0 0
183 971 0 0
183 187 0 0
183 973 0 0
183 173 0 0
183 974 0 0
183 177 0 0
183 972 0 0
183 174 0 0
183 997 0 0
183 176 0 0
183 409 0 0
183 946 0 0
183 992 0 0
183 994 0 0
183 942 0 0
184 974 0 0
184 1326 0 0
184 187 0 0
184 969 0 0
184 970 0 0
184 971 0 0
184 972 0 0
184 973 0 0
184 942 0 0
187 101 0 0
187 164 0 0
187 981 0 0
187 982 0 0
187 983 0 0
187 944 0 0
189 985 0 0
189 990 0 0
189 945 0 0
190 985 0 0
190 987 0 0
190 984 0 0
190 988 0 0
190 989 0 0
190 986 0 0
190 990 0 0
190 945 0 0
196 766 0 0
196 858 0 0
196 859 0 0
196 1008 0 0
196 12 0 0
196 948 0 0
200 1014 0 0
200 1020 0 0
200 1013 0 0
200 1016 0 0
200 1017 0 0
200 1012 0 0
200 1018 0 0
200 1019 0 0
200 950 0 0
201 1014 0 0
201 1013 0 0
201 1015 0 0
201 1016 0 0
201 1012 0 0
201 1018 0 0
201 1019 0 0
201 1017 0 0
201 951 0 0
201 1023 0 0
201 1020 0 0
201 952 0 0
201 1024 0 0
201 1025 0 0
201 1026 0 0
201 950 0 0
202 1020 0 0
202 1018 0 0
202 1019 0 0
202 1024 0 0
202 1012 0 0
202 1016 0 0
202 1022 0 0
202 950 0 0
203 1027 0 0
203 1028 0 0
203 951 0 0
204 1018 0 0
204 1017 0 0
204 1023 0 0
204 1024 0 0
204 1025 0 0
204 1026 0 0
204 950 0 0
204 1016 0 0
204 951 0 0
205 1021 0 0
205 1022 0 0
205 1034 0 0
205 951 0 0
206 1029 0 0
206 1034 0 0
206 951 0 0
206 1021 0 0
206 952 0 0
208 846 0 0
208 1036 0 0
208 953 0 0
209 1031 0 0
209 1032 0 0
209 1035 0 0
209 1037 0 0
209 953 0 0
210 1038 0 0
210 1039 0 0
210 1041 0 0
210 1042 0 0
210 1043 0 0
210 1044 0 0
210 954 0 0
211 1038 0 0
211 1041 0 0
211 1043 0 0
211 1044 0 0
211 1039 0 0
211 1042 0 0
211 954 0 0
212 1042 0 0
212 954 0 0
213 1043 0 0
213 1044 0 0
213 954 0 0
214 840 0 0
214 1045 0 0
214 763 0 0
214 838 0 0
214 839 0 0
214 841 0 0
214 743 0 0
214 955 0 0
215 763 0 0
215 838 0 0
215 839 0 0
215 1045 0 0
215 743 0 0
215 852 0 0
215 841 0 0
215 955 0 0
216 840 0 0
216 1045 0 0
216 955 0 0
217 889 0 0
217 1046 0 0
217 1048 0 0
217 1047 0 0
217 1049 0 0
217 1051 0 0
217 1050 0 0
217 843 0 0
217 926 0 0
217 822 0 0
217 956 0 0
218 889 0 0
218 1048 0 0
218 1050 0 0
218 1046 0 0
218 1049 0 0
218 843 0 0
218 956 0 0
219 1057 0 0
219 1058 0 0
219 1059 0 0
219 1052 0 0
219 930 0 0
219 931 0 0
219 934 0 0
219 936 0 0
219 937 0 0
219 938 0 0
219 1131 0 0
219 957 0 0
223 1074 0 0
223 1075 0 0
223 1062 0 0
224 687 0 0
224 1076 0 0
224 1074 0 0
224 1075 0 0
224 1077 0 0
224 1062 0 0
225 1076 0 0
225 1077 0 0
225 569 0 0
225 572 0 0
225 687 0 0
225 655 0 0
225 1062 0 0
226 1078 0 0
226 1083 0 0
226 1084 0 0
226 1080 0 0
226 1081 0 0
226 1082 0 0
226 1085 0 0
226 1063 0 0
227 1087 0 0
227 1088 0 0
227 1063 0 0
230 1103 0 0
230 1100 0 0
230 983 0 0
230 1101 0 0
230 1104 0 0
230 1099 0 0
230 1065 0 0
231 983 0 0
231 1102 0 0
231 1097 0 0
231 1100 0 0
231 274 0 0
231 1096 0 0
231 1098 0 0
231 1099 0 0
231 1103 0 0
231 982 0 0
231 1104 0 0
231 553 0 0
231 1101 0 0
231 82 0 0
231 1065 0 0
232 273 0 0
232 1105 0 0
232 1106 0 0
232 93 0 0
232 161 0 0
232 302 0 0
232 122 0 0
232 666 0 0
232 1107 0 0
232 556 0 0
232 25 0 0
232 1011 0 0
232 19 0 0
232 35 0 0
232 1355 0 0
232 372 0 0
232 410 0 0
232 456 0 0
232 36 0 0
232 44 0 0
232 215 0 0
232 626 0 0
232 1151 0 0
232 354 0 0
232 369 0 0
232 370 0 0
232 421 0 0
232 557 0 0
232 605 0 0
232 655 0 0
232 657 0 0
232 689 0 0
232 1307 0 0
232 318 0 0
232 423 0 0
232 1304 0 0
232 160 0 0
232 482 0 0
232 572 0 0
232 1006 0 0
233 302 0 0
233 1011 0 0
233 552 0 0
233 998 0 0
233 1009 0 0
233 1010 0 0
233 273 0 0
233 556 0 0
233 1006 0 0
234 234 0 0
234 1108 0 0
234 1110 0 0
234 1114 0 0
234 1115 0 0
234 1111 0 0
234 1112 0 0
234 231 0 0
234 1066 0 0
241 1134 0 0
241 1137 0 0
241 1138 0 0
241 1135 0 0
241 1136 0 0
241 1071 0 0
245 54 0 0
245 1386 0 0
245 562 0 0
245 336 0 0
245 55 0 0
245 996 0 0
245 489 0 0
246 111 0 0
246 155 0 0
246 460 0 0
246 461 0 0
246 54 0 0
246 562 0 0
246 458 0 0
246 459 0 0
246 489 0 0
247 20 0 0
247 56 0 0
247 57 0 0
247 492 0 0
250 311 0 0
250 415 0 0
250 416 0 0
250 798 0 0
250 316 0 0
250 335 0 0
250 1364 0 0
250 1367 0 0
250 503 0 0
251 71 0 0
251 72 0 0
251 504 0 0
252 40 0 0
252 41 0 0
252 74 0 0
252 207 0 0
252 272 0 0
252 418 0 0
252 170 0 0
252 1264 0 0
252 504 0 0
253 274 0 0
253 82 0 0
253 509 0 0
254 217 0 0
254 774 0 0
254 750 0 0
255 118 0 0
255 157 0 0
255 774 0 0
255 775 0 0
255 750 0 0
257 139 0 0
257 238 0 0
257 239 0 0
257 904 0 0
257 906 0 0
257 672 0 0
257 893 0 0
259 252 0 0
259 431 0 0
259 141 0 0
259 516 0 0
261 320 0 0
261 321 0 0
261 322 0 0
261 476 0 0
261 527 0 0
264 367 0 0
264 451 0 0
264 532 0 0
265 58 0 0
265 411 0 0
265 36 0 0
265 423 0 0
265 482 0 0
265 533 0 0
266 351 0 0
266 966 0 0
266 967 0 0
266 964 0 0
266 965 0 0
266 941 0 0
267 582 0 0
267 583 0 0
267 584 0 0
267 585 0 0
267 978 0 0
267 586 0 0
267 982 0 0
267 542 0 0
268 588 0 0
268 589 0 0
268 592 0 0
268 772 0 0
268 590 0 0
268 543 0 0
269 591 0 0
269 590 0 0
269 588 0 0
269 589 0 0
269 543 0 0
272 680 0 0
272 681 0 0
272 682 0 0
272 683 0 0
272 633 0 0
273 622 0 0
273 619 0 0
273 620 0 0
273 621 0 0
273 617 0 0
273 616 0 0
273 1150 0 0
273 548 0 0
274 973 0 0
274 974 0 0
274 409 0 0
274 997 0 0
274 1061 0 0
274 942 0 0
275 685 0 0
275 686 0 0
275 634 0 0
277 803 0 0
277 808 0 0
277 802 0 0
277 807 0 0
277 811 0 0
277 253 0 0
277 804 0 0
277 805 0 0
277 806 0 0
277 809 0 0
277 810 0 0
277 1243 0 0
277 1247 0 0
277 758 0 0
283 32 0 0
283 67 0 0
283 715 0 0
283 717 0 0
283 716 0 0
283 499 0 0
283 1379 0 0
283 639 0 0
284 858 0 0
284 859 0 0
284 857 0 0
284 1008 0 0
284 856 0 0
284 15 0 0
284 285 0 0
284 894 0 0
284 766 0 0
284 948 0 0
285 1309 0 0
285 1378 0 0
285 923 0 0
285 161 0 0
285 421 0 0
285 1377 0 0
285 924 0 0
285 1062 0 0
285 1074 0 0
285 1379 0 0
285 1380 0 0
285 1075 0 0
285 225 0 0
285 1280 0 0
285 1305 0 0
285 1304 0 0
285 1188 0 0
288 838 0 0
288 839 0 0
288 840 0 0
288 743 0 0
288 842 0 0
288 1045 0 0
288 763 0 0
291 721 0 0
291 722 0 0
291 723 0 0
291 75 0 0
291 909 0 0
291 724 0 0
291 726 0 0
291 725 0 0
291 728 0 0
291 729 0 0
291 911 0 0
291 640 0 0
292 395 0 0
292 866 0 0
292 869 0 0
292 865 0 0
292 868 0 0
292 870 0 0
292 867 0 0
292 872 0 0
292 873 0 0
292 767 0 0
293 15 0 0
293 391 0 0
293 285 0 0
293 390 0 0
293 864 0 0
293 894 0 0
294 914 0 0
294 915 0 0
294 285 0 0
294 857 0 0
294 858 0 0
294 15 0 0
294 391 0 0
294 856 0 0
294 390 0 0
294 1008 0 0
294 948 0 0
294 864 0 0
294 658 0 0
294 894 0 0
295 733 0 0
295 734 0 0
295 735 0 0
295 736 0 0
295 641 0 0
296 730 0 0
296 422 0 0
296 648 0 0
296 731 0 0
296 733 0 0
296 734 0 0
296 1392 0 0
296 735 0 0
296 736 0 0
296 641 0 0
297 739 0 0
297 740 0 0
297 742 0 0
297 744 0 0
297 741 0 0
297 743 0 0
297 642 0 0
298 739 0 0
298 742 0 0
298 743 0 0
298 642 0 0
299 51 0 0
299 185 0 0
299 874 0 0
299 878 0 0
299 879 0 0
299 880 0 0
299 12 0 0
299 875 0 0
299 876 0 0
299 202 0 0
299 746 0 0
299 13 0 0
299 184 0 0
300 881 0 0
300 883 0 0
300 884 0 0
300 768 0 0
301 887 0 0
301 888 0 0
301 889 0 0
301 843 0 0
301 769 0 0
303 1052 0 0
303 1053 0 0
303 1054 0 0
303 1055 0 0
303 1056 0 0
303 1060 0 0
303 743 0 0
303 744 0 0
303 957 0 0
304 1134 0 0
304 1137 0 0
304 1138 0 0
304 1071 0 0
306 552 0 0
306 625 0 0
306 1296 0 0
306 93 0 0
306 1151 0 0
306 401 0 0
306 110 0 0
306 1391 0 0
306 423 0 0
306 541 0 0
306 1295 0 0
306 318 0 0
306 1304 0 0
306 160 0 0
306 369 0 0
306 482 0 0
306 1140 0 0
314 1303 0 0
314 1304 0 0
314 1309 0 0
314 1306 0 0
314 1308 0 0
314 605 0 0
314 602 0 0
314 603 0 0
314 604 0 0
314 1110 0 0
314 1305 0 0
314 1310 0 0
314 48 0 0
314 232 0 0
314 1285 0 0
315 58 0 0
315 1305 0 0
315 1306 0 0
315 602 0 0
315 603 0 0
315 604 0 0
315 1307 0 0
315 1310 0 0
315 19 0 0
315 232 0 0
315 323 0 0
315 688 0 0
315 122 0 0
315 1188 0 0
315 1285 0 0
316 572 0 0
316 1311 0 0
316 63 0 0
316 540 0 0
316 602 0 0
316 603 0 0
316 604 0 0
316 1305 0 0
316 1188 0 0
316 307 0 0
316 1213 0 0
316 655 0 0
316 1355 0 0
316 68 0 0
316 1285 0 0
317 1321 0 0
317 1322 0 0
317 1287 0 0
321 1338 0 0
321 1341 0 0
321 1340 0 0
321 1290 0 0
323 1338 0 0
323 1339 0 0
323 1340 0 0
323 1341 0 0
323 879 0 0
323 1290 0 0
327 163 0 0
327 1344 0 0
327 1345 0 0
327 164 0 0
327 1347 0 0
327 1346 0 0
327 1291 0 0
331 1351 0 0
331 1356 0 0
331 1350 0 0
331 187 0 0
331 487 0 0
331 45 0 0
331 55 0 0
331 316 0 0
331 1383 0 0
331 1385 0 0
331 1106 0 0
331 1228 0 0
331 1292 0 0
332 1171 0 0
332 891 0 0
332 1172 0 0
332 1173 0 0
332 1030 0 0
332 1174 0 0
332 1145 0 0
333 891 0 0
333 1172 0 0
333 1173 0 0
333 1174 0 0
333 763 0 0
333 769 0 0
333 1030 0 0
333 1031 0 0
333 1033 0 0
333 1052 0 0
333 1068 0 0
333 1145 0 0
335 888 0 0
335 889 0 0
335 1178 0 0
335 885 0 0
335 887 0 0
335 886 0 0
335 841 0 0
335 1176 0 0
335 1177 0 0
335 890 0 0
335 769 0 0
335 891 0 0
335 1173 0 0
335 843 0 0
335 1146 0 0
336 888 0 0
336 885 0 0
336 887 0 0
336 889 0 0
336 1178 0 0
336 769 0 0
336 1173 0 0
336 1177 0 0
336 886 0 0
336 890 0 0
336 843 0 0
336 1146 0 0
338 833 0 0
338 1361 0 0
338 1362 0 0
338 1363 0 0
338 1294 0 0
339 37 0 0
339 35 0 0
339 535 0 0
340 156 0 0
340 506 0 0
347 666 0 0
347 667 0 0
347 1258 0 0
347 1394 0 0
347 668 0 0
347 670 0 0
347 1204 0 0
347 1391 0 0
347 1395 0 0
347 1300 0 0
347 37 0 0
347 559 0 0
347 630 0 0
347 1107 0 0
347 1213 0 0
347 1191 0 0
348 24 0 0
348 101 0 0
348 666 0 0
348 667 0 0
348 93 0 0
348 1258 0 0
348 1393 0 0
348 559 0 0
348 630 0 0
348 662 0 0
348 1104 0 0
348 1107 0 0
348 1204 0 0
348 1213 0 0
348 1300 0 0
348 1191 0 0
349 1391 0 0
349 666 0 0
349 667 0 0
349 1258 0 0
349 1078 0 0
349 1080 0 0
349 1081 0 0
349 1394 0 0
349 1395 0 0
349 1214 0 0
349 1198 0 0
349 1204 0 0
349 1300 0 0
349 559 0 0
349 630 0 0
349 662 0 0
349 1107 0 0
349 1213 0 0
349 1191 0 0
352 1383 0 0
352 1385 0 0
352 155 0 0
352 241 0 0
352 1382 0 0
352 1370 0 0
352 1386 0 0
352 111 0 0
352 1384 0 0
352 150 0 0
352 292 0 0
352 458 0 0
352 479 0 0
352 977 0 0
352 376 0 0
352 459 0 0
352 1365 0 0
352 62 0 0
352 1366 0 0
352 1182 0 0
353 155 0 0
353 1383 0 0
353 1385 0 0
353 1382 0 0
353 62 0 0
353 292 0 0
353 241 0 0
353 1370 0 0
353 1384 0 0
353 458 0 0
353 459 0 0
353 461 0 0
353 1386 0 0
353 1365 0 0
353 1366 0 0
353 111 0 0
353 150 0 0
353 479 0 0
353 1182 0 0
355 400 0 0
355 419 0 0
355 1387 0 0
355 412 0 0
355 1392 0 0
355 1398 0 0
355 1397 0 0
355 1400 0 0
355 1399 0 0
355 1396 0 0
356 400 0 0
356 1387 0 0
356 1392 0 0
356 1398 0 0
356 1396 0 0
360 656 0 0
360 1313 0 0
360 1317 0 0
360 1316 0 0
360 1318 0 0
360 1319 0 0
360 1157 0 0
360 1274 0 0
360 1286 0 0
365 1379 0 0
365 1305 0 0
365 1304 0 0
365 40 0 0
365 293 0 0
365 1309 0 0
365 161 0 0
365 421 0 0
365 1377 0 0
365 1378 0 0
365 1381 0 0
365 225 0 0
365 1380 0 0
365 448 0 0
365 449 0 0
365 1124 0 0
365 1280 0 0
365 433 0 0
365 923 0 0
365 924 0 0
365 1062 0 0
365 1074 0 0
365 1075 0 0
365 1213 0 0
365 1188 0 0
